1 1 1 1 1
3334 1621 2686 2679 2678
6667 3216 5336 5310 5323
10000 4789 7956 7932 7960
13333 6397 10626 10587 10621
16666 8027 13340 13290 13329
19999 9614 15986 15925 15972
23332 11194 18640 18569 18615
26665 12796 21298 21227 21267
29998 14376 23935 23886 23911
33331 15958 26573 26501 26534
36664 17557 29228 29157 29191
39997 19168 31911 31834 31870
43330 20776 34586 34517 34551
46663 22373 37220 37143 37180
49996 23964 39861 39792 39841
53329 25585 42554 42484 42524
56662 27170 45188 45130 45162
59995 28813 47868 47826 47857
63328 30434 50540 50491 50519
66661 32014 53188 53134 53164
69994 33627 55861 55809 55842
73327 35243 58495 58447 58482
76660 36864 61191 61142 61182
79993 38470 63854 63810 63846
83326 40066 66536 66484 66525
86659 41687 69232 69202 69234
89992 43327 71937 71901 71933
93325 44915 74571 74553 74573
96658 46503 77223 77188 77220
99991 48094 79893 79858 79880
