1 99302 99302 99302 99302
6 80116 95981 95986 95981
11 70229 92600 92587 92597
16 62887 89289 89276 89270
21 56873 85894 85926 85912
26 51727 82537 82534 82518
31 47234 79229 79196 79186
36 43200 75873 75804 75838
41 39539 72536 72432 72466
46 36164 69132 69108 69203
51 33066 65764 65765 65862
56 30212 62487 62368 62312
61 27540 59254 59057 59005
66 25062 55909 55807 55875
71 22720 52719 52500 52563
76 20531 49326 49258 49270
81 18471 46021 45924 45874
86 16557 42663 42603 42403
91 14761 39247 39317 39287
96 13026 35934 35970 35920
101 11424 32494 32759 32595
106 9857 29190 29455 29316
111 8424 25851 26040 25891
116 7056 22658 22708 22699
121 5808 19427 19371 19368
126 4643 16025 16087 15920
131 3537 12871 12657 12626
136 2533 9427 9267 9403
141 1596 5899 6027 6048
146 753 2818 2813 2839
