10 10 10 10 10
43 11518 30347 30220 30324
76 29890 60628 60754 60819
109 40052 72549 72607 72494
142 46984 79031 79076 79020
175 51712 82736 82731 82748
208 55504 85543 85524 85530
241 58486 87598 87564 87565
274 61053 89106 89136 89132
307 63007 90167 90199 90167
340 64829 91039 91002 91032
373 66388 92110 92119 92144
406 67476 92418 92456 92445
439 68733 93161 93142 93152
472 69938 93623 93624 93626
505 70829 94051 94059 94063
538 71685 94347 94353 94352
571 72556 94747 94743 94742
604 73264 95038 95032 95035
637 74087 95495 95491 95496
670 74650 95543 95538 95537
703 75051 95756 95757 95761
736 75770 95959 95954 95945
769 76080 95994 96003 96007
802 76652 96181 96180 96181
835 77109 96317 96330 96321
868 77545 96579 96574 96576
901 78014 96595 96603 96593
934 78462 96834 96828 96824
967 78662 96865 96863 96864
