1 0.000000 0.000000 0.000000 0.000000
3334 0.002200 0.000300 0.001000 0.000300
6667 0.004600 0.000900 0.002200 0.000900
10000 0.006100 0.001200 0.002900 0.001400
13333 0.008400 0.001400 0.004300 0.001600
16666 0.009000 0.001200 0.004100 0.001700
19999 0.009100 0.001400 0.004500 0.001500
23332 0.010700 0.001600 0.004900 0.002000
26665 0.012000 0.002000 0.006000 0.002000
29998 0.013500 0.002200 0.006300 0.002700
33331 0.014800 0.002600 0.007000 0.003000
36664 0.016600 0.002600 0.007800 0.003200
39997 0.018400 0.002600 0.008900 0.003200
43330 0.023700 0.003800 0.011400 0.004800
46663 0.020700 0.003600 0.009900 0.004300
49996 0.027000 0.004000 0.011500 0.005100
53329 0.028700 0.004400 0.013500 0.005500
56662 0.026200 0.004100 0.012000 0.005100
59995 0.030300 0.005200 0.014500 0.006100
63328 0.032900 0.005400 0.015200 0.006600
66661 0.037100 0.005300 0.015800 0.007600
69994 0.032500 0.005200 0.015100 0.007000
73327 0.033300 0.005200 0.015700 0.006400
76660 0.039500 0.006100 0.017000 0.007200
79993 0.036200 0.005900 0.017000 0.007100
83326 0.037700 0.006000 0.017600 0.007700
86659 0.047900 0.007900 0.025100 0.010400
89992 0.043300 0.006700 0.019000 0.009200
93325 0.045700 0.007100 0.020100 0.008100
96658 0.048200 0.007300 0.020400 0.008900
99991 0.047500 0.008700 0.025000 0.009800
